0 : 0
1 : 23(0)2 64(0)4 84(0)6 48(0)11 215(0)43 258(0)48
2 : 172(64)6 22(23)12 47(84)14 247(84)15 234(48)22 7(64)23 246(64)26 296(64)27 25(48)28 100(23)30 248(64)32 55(48)35 52(84)41 174(48)41 80(64)42 154(258)54 230(48)59
3 : 102(47)17 39(172)18 204(47)21 265(47)21 160(22)22 279(234)23 267(22)25 165(172)25 57(7)26 205(22)26 115(247)26 218(47)26 295(246)28 107(172)30 43(25)31 12(7)32 61(248)33 125(47)34 189(172)34 51(246)35 82(7)36 220(296)36 285(100)38 227(247)38 122(234)40 106(47)40 197(296)40 50(25)42 298(22)42 132(234)43 224(172)44 117(47)45 13(172)46 241(247)47 219(247)48 169(296)55 135(52)58 140(25)67
4 : 232(39)20 291(204)23 244(102)24 228(204)24 38(102)25 114(102)26 211(39)26 133(205)27 158(265)28 105(102)28 76(204)28 71(267)28 199(160)28 208(267)28 161(115)29 166(102)30 157(39)30 148(102)32 261(165)32 196(218)33 131(265)33 186(61)34 63(165)36 104(39)36 273(51)37 17(43)37 5(102)37 103(205)37 214(102)37 284(189)38 270(160)38 170(115)38 19(220)41 175(218)41 73(106)41 252(220)41 226(218)42 141(267)43 136(61)43 203(82)43 66(204)44 147(61)45 239(165)46 176(50)46 11(279)46 10(279)46 98(279)47 28(189)50 190(298)52 123(50)52 26(265)55 159(51)58 77(279)58 96(51)60 181(115)62 65(160)65
5 : 297(232)24 293(244)26 268(244)26 101(232)28 171(244)30 134(208)30 92(232)33 168(208)34 88(211)34 74(133)34 29(158)35 198(131)35 179(199)37 283(157)37 223(161)38 153(104)39 167(211)39 20(5)39 272(76)39 185(5)40 194(131)41 150(133)41 6(157)41 130(104)41 127(133)41 233(158)42 16(114)42 200(232)42 192(131)43 182(63)43 263(158)44 49(157)44 236(284)44 155(103)44 257(273)44 108(148)45 235(131)46 116(175)46 30(239)47 45(203)48 180(186)48 34(63)49 254(63)50 276(17)50 90(98)50 162(199)50 207(291)51 35(76)51 213(158)51 256(133)51 121(148)51 217(103)53 269(157)53 195(103)53 72(66)54 15(66)56 251(19)56 58(98)56 221(10)57 129(98)60 299(11)60 292(147)63 290(26)67 294(232)69 40(157)69 253(186)73
6 : 128(297)25 85(297)25 53(268)27 27(293)29 156(134)32 91(297)32 274(268)35 144(293)37 288(92)37 24(283)38 231(92)39 89(88)40 18(293)41 3(179)41 178(153)43 14(168)44 86(6)44 67(185)45 222(134)45 229(283)46 173(283)46 262(74)47 110(108)47 68(194)47 191(192)48 149(200)48 94(233)49 237(168)50 210(263)50 209(283)50 163(223)50 184(150)51 60(88)51 99(20)51 31(34)52 243(194)52 277(180)52 33(101)53 4(200)54 126(162)54 44(130)54 146(268)54 238(116)55 260(207)56 97(182)59 120(121)60 250(16)61 113(134)65 225(121)66 193(297)69 81(207)70 164(127)72 42(254)83
7 : 264(85)28 137(27)30 118(128)31 62(53)31 21(128)36 36(91)37 202(156)37 142(24)40 255(274)42 183(128)46 275(173)47 287(68)49 93(156)51 281(94)52 240(231)52 46(110)52 32(94)53 59(144)53 151(229)54 83(238)58 271(27)62 54(53)65 187(126)68 216(277)68 286(209)69 245(86)72 41(94)74
8 : 152(264)31 69(137)34 9(62)36 70(21)38 124(118)38 201(36)40 280(142)43 289(255)48 282(183)48 109(118)49 56(275)55 242(255)59 78(62)60 259(187)69
9 : 138(152)33 278(9)38 206(9)38 87(124)41 8(69)45 212(9)49 266(289)49 112(201)49 75(201)51 249(282)52 119(289)61 145(242)64 143(282)73
10 : 37(138)36 2(278)44 111(87)48 1(75)53 177(8)58 95(8)64 79(75)68 139(138)77
11 : 188(2)48
----
