0 : 0
1 : 74(0)29 224(0)36 220(0)37 182(0)39 33(0)39 133(0)48 181(0)49 35(0)50 236(0)50
2 : 40(74)35 80(74)41 95(33)42 57(74)44 89(224)48 90(74)49 226(35)51 191(182)51 51(236)52 144(182)54 145(181)55 262(133)56 266(182)57 94(35)57 125(181)60 148(224)61 219(182)62 3(35)63 39(74)64 268(220)64 83(35)65 109(33)67 237(35)67 174(236)68 152(236)69 147(33)77 48(133)84
3 : 150(40)39 245(40)42 211(80)43 99(40)43 75(40)43 277(40)44 86(80)46 298(95)46 294(40)49 232(90)50 250(95)51 62(95)52 263(226)57 264(266)58 69(226)59 159(226)61 8(40)62 255(148)62 137(262)64 105(266)64 61(125)64 12(145)64 179(3)65 68(268)65 238(57)65 102(268)66 53(40)68 96(90)69 281(80)72 139(39)72 97(191)72 218(51)72 253(51)73 188(174)73 76(219)73 280(90)77 246(226)81 70(89)85 81(94)87 126(191)94 73(219)99
4 : 108(150)40 205(245)44 130(211)45 162(245)48 15(298)48 289(75)49 25(75)49 190(75)49 161(86)49 223(211)52 230(298)53 286(250)54 113(250)54 192(294)56 92(245)57 254(62)57 124(232)57 216(62)59 85(264)59 178(150)60 45(277)60 111(62)63 29(150)63 134(264)63 91(298)63 195(69)64 287(150)65 284(150)65 169(8)66 22(150)66 282(298)67 172(264)68 72(105)69 106(263)69 242(8)70 176(277)71 64(159)72 119(61)72 77(281)74 157(211)76 88(62)79 269(86)79 166(188)80 41(255)81 1(250)83 222(298)84
5 : 184(205)46 201(205)47 56(162)49 17(161)50 247(108)50 13(25)51 110(190)52 248(162)52 143(289)53 65(108)54 50(223)54 214(161)54 292(130)55 14(15)55 163(108)55 175(286)57 244(162)58 273(205)58 167(230)60 118(192)60 43(223)61 256(162)62 127(192)63 193(15)64 276(15)64 103(25)65 101(108)65 206(91)66 283(85)67 239(29)67 6(25)69 212(192)70 28(124)71 177(242)71 104(178)72 21(64)73 44(282)73 227(119)74 132(162)74 187(287)75 49(176)76 67(108)77 199(72)77 27(230)77 240(45)80 267(230)83 215(169)84 20(64)88 234(29)91 291(157)109
6 : 249(184)52 207(201)52 235(110)53 164(184)53 114(247)54 272(13)54 60(201)55 275(56)55 107(143)55 140(201)55 112(17)57 23(50)57 5(110)57 122(56)57 4(143)58 78(110)59 241(184)59 135(14)60 26(273)60 31(273)62 278(175)63 93(50)65 9(56)66 290(65)67 299(256)67 52(248)67 210(184)67 200(110)68 87(256)68 141(50)69 59(6)71 285(247)72 217(110)72 231(239)73 261(239)75 42(14)78 229(101)79 30(256)79 82(127)80 46(273)81 34(118)81 168(21)83 66(256)83 138(28)83 71(193)91 203(248)96 197(206)97
7 : 100(107)57 7(114)57 55(207)57 260(23)58 257(272)59 158(122)59 180(112)60 165(4)61 202(60)62 18(60)62 38(112)62 2(140)63 270(23)64 84(78)65 117(249)66 153(107)66 156(107)68 121(23)68 293(52)68 209(272)68 271(107)69 251(235)69 160(31)71 208(275)72 136(140)73 225(122)74 32(122)74 279(60)76 98(107)78 79(299)79 189(23)79 37(135)79 228(42)79 213(52)81 131(207)81 295(122)81 36(112)81 233(112)83 154(30)85 11(217)89 129(231)93 116(42)96 196(249)97 194(66)110
8 : 259(7)58 142(158)60 128(100)63 47(158)63 58(158)64 155(165)66 185(158)67 120(257)67 16(117)69 173(117)70 183(2)71 265(257)72 24(257)74 288(18)79 10(271)83 54(189)84 274(98)85 221(160)89 171(79)91 252(233)109
9 : 198(142)62 170(155)67 149(120)70 123(128)70 243(142)72 204(128)74 296(183)74 146(183)74 297(155)78 63(173)98 151(221)103
10 : 186(170)73 258(146)79 115(297)79 19(146)79
----
