0 : 0
1 : 281(0)3 259(0)8 120(0)10 33(0)14 185(0)32 66(0)44 99(0)49
2 : 248(281)9 37(281)9 77(281)14 274(259)15 279(259)16 213(281)17 67(33)19 278(281)20 250(120)20 40(259)24 210(259)25 53(259)29 70(281)35 56(259)36 257(259)36 263(281)39 172(185)40 103(120)41 108(259)41 115(33)53 52(99)67 13(66)67
3 : 42(248)11 157(248)12 84(248)13 233(37)16 297(279)18 117(213)19 11(37)21 245(37)22 285(248)23 272(278)25 1(278)25 94(40)26 266(278)27 191(67)27 160(210)28 128(274)28 82(250)28 189(37)29 293(250)29 177(274)30 199(37)30 34(250)31 113(67)33 127(278)33 168(278)34 196(278)36 124(40)37 226(56)37 137(56)38 195(210)39 32(279)39 193(70)40 35(213)40 151(257)41 275(53)41 63(274)42 111(274)42 205(67)42 58(263)42 184(67)42 175(70)43 269(40)43 221(257)43 207(53)45 149(77)46 29(278)47 182(108)49 148(257)49 206(37)50 36(257)50 134(56)51 261(278)51 254(213)52 139(67)52 155(108)52 12(248)54 3(53)55 228(37)57 61(103)88
4 : 216(233)18 100(42)20 98(42)21 208(297)23 283(42)24 17(297)27 152(191)28 150(128)29 171(272)30 280(297)32 220(245)32 219(177)33 105(82)33 164(94)33 79(272)33 114(160)33 145(297)34 87(233)34 246(1)35 235(127)36 225(94)36 46(189)37 6(160)37 202(1)37 129(113)37 180(233)38 47(157)39 247(157)41 28(58)43 253(84)43 21(58)43 292(266)44 223(113)44 244(157)44 2(113)44 190(293)44 217(189)44 106(221)45 131(127)46 162(11)46 45(191)46 96(199)47 273(193)47 186(34)47 174(207)48 15(128)48 249(111)48 49(196)49 299(94)49 154(94)50 147(195)50 289(266)51 123(205)51 252(177)52 60(127)54 116(35)54 88(199)55 26(11)55 288(113)55 144(195)55 101(137)56 153(139)56 90(36)57 282(233)58 178(205)58 229(168)60 31(275)60 95(1)63 234(3)64 211(266)64 81(195)65 267(228)76 183(3)93
5 : 214(98)23 146(208)24 227(98)26 194(283)27 242(100)27 239(208)32 270(152)33 222(150)33 68(114)34 238(283)34 258(216)34 200(164)35 121(283)35 203(283)35 62(98)36 59(87)36 126(202)38 25(219)38 230(225)40 188(280)40 140(46)40 198(219)41 18(6)42 16(145)42 8(87)42 167(247)44 294(219)44 158(247)45 43(223)46 142(216)46 122(253)47 91(98)47 7(114)47 5(217)48 89(150)48 291(45)48 112(2)50 9(147)51 169(131)51 20(96)51 241(106)53 125(249)53 204(180)54 262(100)54 24(289)54 14(88)56 166(280)56 65(225)56 295(105)56 256(106)58 265(60)59 54(289)60 176(162)62 201(106)62 133(114)64 231(282)66 179(6)66 159(105)67 97(299)69 163(60)75 290(299)83
6 : 102(214)27 110(146)29 224(214)33 130(270)35 136(59)37 72(59)37 287(242)37 237(68)38 161(239)38 48(62)38 141(238)40 119(62)41 30(270)41 268(242)42 50(238)43 296(200)45 85(198)45 44(126)47 71(203)47 218(167)49 19(242)49 156(230)52 173(227)52 57(203)53 192(230)53 276(203)54 73(200)54 118(294)55 236(270)55 251(230)58 298(262)58 165(258)59 212(65)60 260(203)60 240(125)63 135(91)66 92(126)68 78(7)73 181(265)78
7 : 41(110)31 187(110)34 86(110)35 232(224)36 286(110)38 104(102)41 93(30)43 51(50)44 143(110)45 107(48)45 132(48)46 109(268)47 264(85)47 215(296)48 38(287)48 75(237)48 80(119)50 4(102)50 27(296)52 23(119)53 69(48)53 83(296)61 74(287)63 22(135)71 197(19)72 138(119)74
8 : 39(286)40 10(86)42 76(86)45 284(187)46 209(51)50 243(215)58 255(286)59 271(51)61 170(93)63 277(264)64 64(23)65
9 : 55(10)43
----
