0 : 0
1 : 194(0)12 118(0)14 56(0)16 223(0)19 169(0)31 93(0)31 244(0)33 154(0)34
2 : 125(194)17 187(118)19 176(56)21 161(56)21 9(56)21 181(56)23 49(194)24 89(56)27 197(93)34 120(194)35 183(56)35 177(169)37 254(244)37 152(223)38 5(93)38 16(56)40 156(154)40 127(154)43 205(223)46 31(93)46 68(56)47 281(93)48 10(169)50 170(194)50 37(118)51 23(194)51 243(244)53 252(56)55 149(56)55 100(194)62
3 : 99(161)25 202(9)26 139(181)30 259(161)30 247(161)30 44(181)31 11(187)31 274(161)32 260(187)33 72(187)34 282(161)36 172(161)37 294(9)39 17(197)41 270(161)41 240(187)42 145(177)42 276(176)43 98(254)44 298(183)44 107(127)44 175(183)44 228(49)46 151(181)46 12(181)46 242(177)47 250(125)47 269(176)47 7(181)47 28(125)49 22(68)49 130(177)49 73(177)49 184(16)49 258(176)50 219(5)50 106(181)51 71(281)51 55(177)52 6(156)53 195(170)56 83(127)57 63(152)58 112(243)58 212(187)59 21(161)61 199(170)63 133(252)63 69(89)63 80(156)64 47(125)64 19(125)65 117(156)66 150(149)67 25(156)72 209(23)75
4 : 290(202)29 66(247)32 20(44)32 203(99)33 286(11)35 246(72)37 85(202)37 293(259)38 54(139)39 192(172)40 147(11)41 91(294)41 115(72)42 190(17)42 137(17)43 295(72)44 265(72)44 57(240)44 292(99)44 188(139)45 119(11)45 173(145)45 140(247)46 50(259)46 231(228)47 213(72)47 186(276)47 121(7)48 208(202)48 126(247)49 13(11)51 238(175)51 191(258)51 36(294)51 52(276)51 273(219)52 87(107)52 284(184)53 167(250)54 78(274)54 198(130)56 29(276)56 237(184)56 42(98)56 283(250)57 277(73)57 59(259)59 158(276)60 297(247)60 164(228)61 96(83)61 14(274)61 168(71)62 289(250)62 76(7)65 178(80)65 102(240)67 232(28)73 60(22)76 224(175)86
5 : 84(20)33 135(203)34 226(20)34 8(290)40 204(246)41 222(115)43 138(293)43 256(203)44 95(190)45 3(203)45 70(293)46 24(190)46 40(290)46 101(119)47 249(66)48 33(140)48 214(292)49 174(192)49 153(121)49 235(286)49 165(115)49 30(213)51 239(119)51 159(126)52 272(188)53 262(293)53 123(36)53 4(173)53 155(186)53 229(191)53 43(87)53 103(191)53 58(192)55 79(20)56 122(186)56 261(78)56 160(208)57 62(29)57 38(213)58 278(293)59 299(119)59 131(85)59 166(237)59 51(87)59 32(190)59 287(66)61 285(284)62 132(115)64 116(192)64 200(158)64 142(192)65 189(246)68 162(198)68 201(238)68 157(192)71 230(50)73 148(293)76 163(295)78 141(76)97
6 : 111(84)34 94(84)38 251(135)39 218(135)39 257(222)46 15(226)47 2(8)47 105(70)48 81(222)48 255(8)49 92(8)50 291(153)51 280(256)52 217(226)52 136(226)53 82(214)54 241(84)55 97(101)55 207(138)56 220(30)56 27(222)57 288(8)57 266(8)58 146(4)58 64(135)58 86(79)59 109(299)62 88(262)64 48(101)64 110(235)65 182(122)66 245(122)67 77(272)74 210(285)78 26(24)78 67(163)80
7 : 75(111)35 143(218)45 124(251)45 268(218)48 53(94)50 171(94)51 193(92)52 234(94)54 206(15)54 221(82)55 108(15)55 61(82)55 248(94)55 144(81)56 45(92)57 34(217)57 74(207)59 185(255)60 227(207)60 18(15)64 39(218)64 271(257)66 180(82)66 211(111)66 104(220)67 113(220)67 236(241)68 179(94)70 128(207)77 264(109)78 114(136)79
8 : 90(143)50 65(75)50 275(124)52 296(171)59 41(45)59 216(227)64 129(45)65 263(206)67 1(39)70 196(113)71 46(104)73 253(227)73 233(45)89
9 : 225(65)59 35(90)59 134(129)68 279(41)72 215(275)82
10 : 267(35)62
----
