0 : 0
1 : 292(0)1 88(0)1 123(0)7 252(0)7 221(0)7 96(0)26 184(0)27 230(0)27
2 : 201(292)3 3(88)5 92(88)8 114(292)12 170(292)14 68(88)15 190(123)20 202(252)20 213(292)21 274(221)23 251(96)27 8(292)27 206(252)30 120(252)31 142(221)33 10(88)34 217(96)34 261(252)36 295(230)38 106(230)49
3 : 263(3)7 150(3)7 228(3)14 218(68)16 237(201)17 162(68)17 90(114)18 223(114)19 149(170)21 204(3)22 157(68)23 188(202)24 91(114)25 20(201)26 172(202)26 199(202)27 118(68)28 36(8)28 174(8)29 229(213)29 2(274)30 75(251)30 275(68)31 125(190)33 282(8)34 265(68)34 95(201)36 270(206)36 108(170)37 72(201)38 85(170)47 154(142)48 141(274)52 7(190)53 144(142)55 147(8)57 51(190)60 136(68)61
4 : 60(263)14 281(263)15 216(228)21 97(223)21 299(263)22 124(237)22 194(218)22 181(157)25 152(218)25 232(150)25 273(263)26 193(91)26 207(188)26 39(263)27 239(228)28 247(20)29 290(218)30 269(20)30 19(149)31 17(149)31 208(228)32 122(75)33 249(218)33 62(90)35 279(125)35 26(204)36 159(118)36 18(204)36 82(2)37 222(204)37 37(204)38 272(237)38 296(95)39 244(229)40 246(149)40 267(72)40 1(150)40 33(2)41 46(36)42 29(125)42 138(72)43 12(275)43 200(36)43 242(270)43 127(282)44 231(228)45 158(108)45 54(174)48 102(157)48 286(275)48 156(91)49 173(154)50 241(157)51 64(172)52 100(188)52 135(125)53 191(199)56 30(162)58 9(282)59 117(199)61 168(2)66
5 : 192(60)15 50(97)22 293(97)22 224(60)22 81(97)23 11(97)23 38(97)24 43(194)25 264(124)25 148(194)25 67(124)26 133(60)26 73(97)27 298(207)27 151(232)27 13(281)31 24(247)31 186(216)31 126(216)33 16(290)33 198(216)34 32(299)35 153(62)37 22(82)40 78(17)40 89(1)41 196(267)41 58(281)42 219(37)42 240(290)42 57(19)43 266(299)45 235(193)45 110(29)48 178(1)48 214(19)48 245(242)49 143(181)50 140(272)52 285(194)52 14(17)52 260(272)53 284(158)53 288(208)55 278(286)56 80(273)57 40(127)58 243(267)58 27(124)63
6 : 115(192)20 139(224)23 287(224)23 99(192)24 25(81)25 94(11)27 164(192)28 145(43)29 203(151)29 227(298)29 226(224)29 212(67)29 220(50)30 271(151)30 112(50)30 277(151)31 210(224)32 169(38)35 65(198)36 225(264)38 107(67)38 165(192)38 268(148)39 250(16)39 104(50)39 132(11)41 163(224)41 294(89)42 4(32)42 83(148)42 105(264)43 47(78)45 259(32)46 234(151)47 176(293)47 113(151)47 55(214)50 180(178)51 211(245)53 35(32)53 87(153)53 59(57)53 49(153)55 253(143)56 109(22)63 255(40)69 63(140)69
7 : 236(139)27 185(287)27 111(115)27 34(287)27 197(139)29 130(99)29 171(25)32 283(94)32 189(227)32 52(25)33 121(94)33 137(212)34 187(277)34 262(287)34 93(226)35 71(164)35 77(139)36 291(94)37 23(169)37 69(212)41 21(99)42 161(65)43 116(227)43 297(277)44 45(65)46 101(83)46 31(25)47 48(163)47 70(164)49 86(203)51 248(259)52 128(169)53 289(227)54 182(65)55 233(227)55 15(277)57 84(112)57 103(105)59 28(165)60 56(55)64 276(176)69 183(226)75
8 : 146(111)34 76(171)34 280(52)38 195(189)38 177(121)38 155(130)38 238(185)40 53(34)41 254(197)44 42(171)45 179(137)45 131(283)47 6(236)47 61(31)51 119(262)52 66(77)52 5(86)53 166(86)54 205(130)56 167(291)60 98(197)60 257(182)64 134(84)67 41(182)78
9 : 44(195)39 175(195)42 209(131)48 215(131)55 79(119)55 160(155)56 74(280)58 129(254)64 258(177)64 256(205)66
----
