0 : 0
1 : 170(0)5 106(0)25 30(0)42 97(0)43
2 : 273(170)19 271(106)34 115(106)36 269(30)45 135(97)47 9(97)52 134(170)53 227(97)57 33(106)59 126(30)62 49(97)63 183(106)64 17(106)71 66(30)72 50(30)73 234(106)75
3 : 244(273)33 175(115)38 117(271)39 225(115)49 290(269)52 238(9)57 54(271)57 207(227)58 153(269)61 119(273)63 89(33)64 53(271)65 13(9)65 149(273)66 80(183)66 168(269)66 138(134)68 60(134)68 12(134)68 272(183)68 43(134)71 261(269)73 219(271)73 6(227)75 267(135)75 147(126)77 254(271)79 38(66)80 184(134)87 40(66)91
4 : 259(244)42 189(117)44 155(117)48 268(117)50 198(244)50 75(175)51 242(117)53 188(225)55 297(238)60 270(238)62 129(238)62 27(175)62 15(238)62 282(153)63 120(244)65 237(244)67 84(54)67 11(168)69 64(290)70 193(13)70 288(53)70 265(80)71 104(80)72 241(168)72 111(117)73 65(54)73 163(207)75 21(89)75 215(290)79 25(244)83 92(153)85 61(60)88 266(290)88 56(225)88 201(153)89 280(40)98
5 : 36(259)47 298(259)49 46(75)52 127(189)53 275(259)54 171(75)56 103(75)56 289(198)57 29(268)59 73(259)60 72(188)60 23(155)61 161(268)61 102(268)62 243(27)63 206(155)63 194(75)63 63(27)64 260(129)65 107(259)65 20(155)65 197(259)65 131(27)66 292(198)67 220(120)69 226(268)70 174(27)70 285(129)72 130(270)72 96(270)73 246(27)76 112(237)76 125(120)77 62(15)77 140(21)77 69(282)77 192(242)77 132(188)77 200(188)78 173(129)78 137(11)79 5(241)80 245(265)80 205(241)80 293(215)80 223(104)83 48(27)83 16(11)85 250(15)86 85(193)86 148(193)90 83(188)95 18(265)96 187(84)97 214(15)104
6 : 10(36)53 2(36)55 78(46)55 128(298)55 14(46)55 233(36)58 202(46)58 151(46)59 166(275)59 113(289)60 218(103)60 41(171)61 283(72)63 204(289)63 294(275)63 162(103)65 284(103)65 35(197)67 70(107)68 211(298)68 186(243)68 82(23)71 133(46)71 44(29)71 154(63)71 217(206)73 229(260)73 286(197)73 249(107)74 86(174)75 51(289)76 74(23)78 295(131)78 159(102)79 67(36)82 181(103)83 230(63)83 216(293)86 257(285)87 158(292)89 57(63)90 8(29)90 190(245)93 177(246)94 124(161)98 228(5)99 71(112)113
7 : 100(2)56 224(78)57 150(14)58 79(2)60 3(202)61 68(10)62 231(166)62 209(151)62 108(202)62 299(204)65 164(204)65 258(41)65 179(151)66 31(14)66 88(204)66 180(233)67 281(14)68 255(35)69 110(70)69 264(2)70 263(284)70 142(10)70 81(218)70 253(78)71 141(218)73 222(44)73 232(44)73 157(70)74 182(162)75 208(229)77 123(113)77 221(204)77 191(41)78 55(51)79 176(211)80 172(82)82 90(133)84 262(286)87 98(166)91 279(218)92 109(159)97 160(128)98 145(186)110
8 : 32(100)61 185(79)62 199(224)63 287(68)63 4(150)63 239(3)64 165(68)65 76(209)65 178(150)68 118(68)69 114(224)69 256(255)70 7(88)72 139(68)72 122(232)74 236(224)74 1(232)75 91(253)77 251(208)78 47(253)80 37(88)80 296(176)82 59(176)83 28(180)83 195(232)85 210(209)86 167(232)90 45(299)91 156(222)91 213(79)93 95(3)93 291(3)99 252(150)102
9 : 146(199)65 19(32)65 52(4)66 39(199)66 105(32)67 99(76)69 42(118)70 169(239)72 274(185)75 24(118)75 240(118)76 235(76)76 212(185)76 276(251)80 278(91)82 87(165)82 248(256)83 277(287)84 77(47)86 26(118)87 247(47)92 196(291)122
10 : 22(42)71 203(212)77 94(24)78 143(24)81 116(212)82 58(39)83 101(235)87 121(169)91 152(77)100 136(274)107
11 : 93(22)78 144(94)84 34(116)92
----
