NSERTING: 12 9 20 13 29 14 40 24 22 37 48 30 11 31 6 2 21 38 16 32 7 0 45 15 49 17 1 23 3 47 44 33 34 36 27 41 39 25 46 42 10 18 28 4 35 19 26 5 8 43

dynamic array size is 50
----
[12,9,20,13,29,14,40,24,22,37,48,30,11,31,6,2,21,38,16,32,7,0,45,15,49,17,1,23,3,47,44,33,34,36,27,41,39,25,46,42,10,18,28,4,35,19,26,5,8,43][14]


REMOVING: 43 8 5 26 19 35 4 28 18 10 42 46 25 39 41 27 36 34 33 44 47 3 23 1 17 49 15 45 0 7 32 16 38 21 2 6 31 11 30 48 37 22 24 40 14 29 13 20 9 12

dynamic array size is 0
----
[][2]


INSERTING: 21 1 41 28 2 37 15 24 30 25 17 44 33 34 32 42 23 45 26 47 19 36 3 40 39 16 0 38 20 4 27 6 22 10 31 9 14 49 46 48 7 18 11 12 13 29 35 8 5

dynamic array size is 49
----
[21,1,41,28,2,37,15,24,30,25,17,44,33,34,32,42,23,45,26,47,19,36,3,40,39,16,0,38,20,4,27,6,22,10,31,9,14,49,46,48,7,18,11,12,13,29,35,8,5][15]


REMOVING: 5 8 35 29 13 12 11 18 7 48 46 49 14 9 31 10 22 6 27 4 20 38 0 16 39 40 3 36 19 47 26 45 23 42 32 34 33 44 17 25 30 24 15 37 2 28 41 1 21

dynamic array size is 0
----
[][2]


INSERTING: 2 27 34 33 32 17 46 9 24 40 13 45 15 19 12 3 21 48 36 10 26 49 31 4 47 41 29 37 14 11 23 1 39 18 38 35 25 30 44 7 0 20 6 16 8 28 22 42

dynamic array size is 48
----
[2,27,34,33,32,17,46,9,24,40,13,45,15,19,12,3,21,48,36,10,26,49,31,4,47,41,29,37,14,11,23,1,39,18,38,35,25,30,44,7,0,20,6,16,8,28,22,42][16]


REMOVING: 42 22 28 8 16 6 20

dynamic array size is 41
----
[2,27,34,33,32,17,46,9,24,40,13,45,15,19,12,3,21,48,36,10,26,49,31,4,47,41,29,37,14,11,23,1,39,18,38,35,25,30,44,7,0][23]


DELETING: 0 7 44 30 25 35 38 18

dynamic array size is 33
----
[2,27,34,33,32,17,46,9,24,40,13,45,15,19,12,3,21,48,36,10,26,49,31,4,47,41,29,37,14,11,23,1,39][31]


DELETING: 39 1 23 11 14 37 29 41

dynamic array size is 25
----
[2,27,34,33,32,17,46,9,24,40,13,45,15,19,12,3,21,48,36,10,26,49,31,4,47][39]


DELETING: 47 4 31 49 26 10 36 48

dynamic array size is 17
----
[2,27,34,33,32,17,46,9,24,40,13,45,15,19,12,3,21][47]


DELETING: 21 3 12 19 15 45 13 40

dynamic array size is 9
----
[2,27,34,33,32,17,46,9,24][23]


DELETING: 24 9 46 17 32 33 34 27

dynamic array size is 1
----
[2][3]


DELETING: 2

dynamic array size is 0
----
[][2]
